$ANSIBLE_VAULT;1.1;AES256
36653562386237343435623338313766356436363937663439356263643733616630366665653334
3034343138383035396235633436646330363432643864390a613135646564643663393435633834
66336631346464656434363533633232653666313766396462363232646666653337363561323333
6239396135663637610a663865636362633333646461636139626231383662646166333462666662
39356364366565396263383730316564316364333833623934393830633062663130383234653436
63323436636564613565636437626437333063383531663235623962653365623663396666323432
63363236303231376135643664313134623965323536386231313133613862623763363063323734
39346634313663383531616137333463346466316331613764623466326164653534313164313734
33623231633531303333373635623063653530656561653933616433323363313165663164363963
35323339653430636362306337333365343434643239656365323136323931386661613161326338
306631613962366533623061376666313230
